4297210847
4297211105
4297211357
4297211612
4297211867
4297212124
4297212380
4297212636
4297212889
4297213145
4297213397
4297213650
4297213908
4297214161
4297214412
4297214665
4297214919
4297215172
4297215424
4297215679
4297215935
4297216189
4297216445
4297216698
4297216949
4297217201
4297217454
4297217709
4297217965
4297218221
4297218474
4297218732
4297218989
4297219244
4297219500
4297219753
4297220008
4297220260
4297220512
4297220767
4297221022
4297221276
4297221532
4297221788
4297222044
4297222297
4297222552
4297222809
4297223061
4297223312
4297223566
4297223821
4297224077
4297224334
4297224588
4297224843
4297225099
4297225351
4297225603
4297225862
4297226115
4297226369
4297226628
4297226884
4297227140
4297227397
4297227652
4297227906
4297228162
4297228424
4297228678
4297228931
4297229184
4297229436
4297229689
4297229943
4297230198
4297230457
4297230710
4297230967
4297231220
4297231476
4297231732
4297231984
4297232245
4297232497
4297232750
4297233005
4297233262
4297233518
4297233770
4297234023
4297234278
4297234534
4297234792
4297235050
4297235302
4297235556
4297235808
4297236060
4297236313
4297236570
4297236823
4297237075
4297237331
4297237588
4297237844
4297238096
4297238349
4297238601
4297238857
4297239110
4297239367
4297239623
4297239879
4297240134
4297240390
4297240642
4297240893
4297241154
4297241407
4297241660
4297241917
4297242176
4297242429
4297242688
4297242940
4297243205
4297243461
4297243715
4297243970
4297244222
4297244478
4297244733
4297245000
4297245254
4297245510
4297245765
4297246020
4297246275
4297246529
4297246785
4297247037
4297247288
4297247544
4297247801
4297248053
4297248305
4297248559
4297248814
4297249068
4297249320
4297249581
4297249840
4297250092
4297250350
4297250606
4297250868
4297251122
4297251382
4297251640
4297251895
4297252154
4297252408
4297252664
4297252920
4297253174
4297253426
4297253680
4297253932
4297254184
4297254440
4297254696
4297254952
4297255207
4297255464
4297255719
4297255971
4297256226
4297256479
4297256731
4297256984
4297257236
4297257490
4297257744
4297257998
4297258256
4297258508
4297258761
4297259014
4297259268
4297259522
4297259776
4297260031
4297260285
4297260542
4297260795
4297261049
4297261300
4297261555
4297261808
4297262063
4297262318
4297262574
4297262828
4297263086
4297263344
4297263597
4297263852
4297264104
4297264361
4297264614
4297264866
4297265122
4297265379
4297265637
4297265896
4297266154
4297266406
4297266660
4297266912
4297267167
4297267420
4297267671
4297267923
4297268175
4297268427
4297268683
4297268941
4297269201
4297269459
4297269715
4297269969
4297270222
4297270474
4297270726
4297270982
4297271242
4297271494
4297271749
4297272004
4297272260
4297272519
4297272772
4297273025
4297273277
4297273530
4297273787
4297274040
4297274298
4297274551
4297274805
4297275062
4297275322
4297275575
4297275842
