4026800845088188360018923210179120223802847751215095242350872850445400436364192252419225284401472024216564246241684281220044642496162869200062056524055436343597383670009973760000000020484735362307200013145728
4026800853420189191218923210178760223805647749215095522350872850445398436364192252419225284401472036216564246241684281220044642496322876400062056524055436343597383670009953280000000020484735362307200013145728
4026800853404189189618923210178760223807247749215095682350872850445398436364192252419225284401472040216564246241684281220044642496482876400062056524055436343597383670009953280000000020484735362307200013145728
4026800860084189857618923210178760223123647749215027322350872850445398436364192252419225299601465200216564246241684281220044642496482876400062056524055436343597383670009953280000000020484735362307200013145728
40268008600681898560189232101787602231228477492150272423508728504453984363641922524192252100401465196216564246241684281220044642496642875200062056524055436343597383670009953280000000020484735362307200013145728
40268008600361898528189244101786402231232477492150272823508728504453984363641922524192252108001465200216564246241684281220044642496802875200062056524055436343597383670009953280000000020484735362307200013145728
40268008600521898556189244101787602231248477492150273223508728516453984363641922524192252108401465204216564246241684281220044642496962875200062056524055436343597383670009953280000000020484735362307200013145728
40268008600361898540189244101787602231252477492150273623508728516453984363641922524192252108401465208216564246241684281220044642497122875200062056524055436343597383670009953280000000020484735362307200013145728
40268008600201898524189244101787602231256477492150274023508728516453984363641922524192252108401465212216564246241684281220044642497282875200062056524055436343597383670009953280000000020484735362307200013145728
40268008600041898508189244101787602231260477492150274423508728516453984363641922524192252131201465216216564246241684281220044642497442875200062056524055436343597383670009953280000000020484735362307200013145728
40268008599881898492189244101787602231264477492150274823508728516453984363641922524192252130001465220216564246241684281220044642497602875200062056524055436343597383670009953280000000020484735362307200013145728
40268008599721898484189252101787602231276477492150275223508728524453984363641922524192252126401465224216564246241684281220044642497762875200062056524055436343597383670009953280000000020484735362307200013145728
40268008599561898468189252101787602231280477492150275623508728524453984363641922524192252127201465228216564246241684281220044642497922875200062056524055436343597383670009953280000000020484735362307200013145728
40268008599561898468189252101787602231288477492150276423508728524453984363641922524192252127201465236216564246241684281220044642497922875200062056524055436343597383670009953280000000020484735362307200013145728
40268008599401898452189252101787602231292477492150276823508728524453984363641922524192252127601465240216564246241684281220044642498082875200062056524055436343597383670009953280000000020484735362307200013145728
40268008599241898436189252101787602231296477492150277223508728524453984363641922524192252133201465244216564246241684281220044642498242875200062056524055436343597383670009953280000000020484735362307200013145728
40268008596401898160189260101787602231308477492150277623508728532453984363641922524192252130801465248216564246241684281220044642498402872800062056524055436343597383670009994240000000020484735362307200013145728
40268008596401898160189260101787602231312477492150278023508728532453984363641922524192252130801465252216564246241684281220044642498562872800062056524055436343597383670009994240000000020484735362307200013145728
40268008596241898144189260101787602231316477492150278423508728532453984363641922524192252130801465256216564246241684281220044642498722872800062056524055436343597383670009994240000000020484735362307200013145728
40268008596081898128189260101787602231320477492150278823508728532453984363641922524192252130801465260216564246241684281220044642498882872800062056524055436343597383670009994240000000020484735362307200013145728
40268008595921898112189260101788002231324477492150279223508728532453984363641922524192252131201465264216564246241684281220044642499042872800062056524055436343597383670009994240000000020484735362307200013145728
4026800858940189747218926810188680223138847848415028482449672854045398836364192252419225262801465316217552256121684281220044642499202875600062056524055436343597383670009994240000000020484735362307200013145728
4026800858940189747218926810188680223138847848415028482449672854045398836364192252419225262001465320217552256121684281220044642499362875600062056524055436343597383670009994240000000020484735362307200013145728
4026800858924189745618927610188840223144447848415029042449672854045398836364192252419225262001465428217552256121684281220044642499522875600062056524055436343597383670009994240000000020484735362307200013145728
40268008384121877040189348101894402238528478568150992024552728608454016363641922524192252792014724402199682567216842812200446424101122928000062056524088672343597383670009994240000000020484735362307200013145728
40268008372641875972189412101896402239720478580151104024556728680454024363641922524192252800014734922202522567616843212200846424101282930400062056524088672343597383670009994240000000020484735362307200013145728
402680083708018757721894121018944022396444785481510948245567286964539923636419225241922528040147342022023625672168432122008464241012829304000620565240886723435973836700010137600000000020484735362307200013145728
402680083706418757561894121018944022396564785441510960245527286964539923636419225241922528040147342822023625672168432122008464241014429304000620565240886723435973836700010137600000000020484735362307200013145728
402680083703218757241894121018944022396604785441510964245527286964539923636419225241922528040147343222023625672168432122008464241016029304000620565240886723435973836700010137600000000020484735362307200013145728
402680085769618964201894281018904022319364784561503176244967287604539603636419225241922528040146564421756825616168432122008464241009628756000620565240509803435973836700010137600000000020484735362307200013145728
4026800858780189751218944410178840223201647745215032562348472876045396836364192252419225213280146572421655624604168432122008464241012828732000620565240509803435973836700010137600000000020484735362307200013145728
4026800858780189752818944410179000223203647745215032602348472877645396836364192252419225211640146572821655624604168432122008464241014428732000620565240509803435973836700010137600000000020484735362307200013145728
4026800858764189751218944410179000223212047745215033442348472877645396836364192252419225211640146581221655624604168432122008464241016028732000620565240509803435973836700010137600000000020484735362307200013145728
4026800858448189719618945210179160223222847745215034522348472877645396836364192252419225211640146597221655624604168432122008464241017628732000620565240509803435973836700010137600000000020484735362307200013145728
4026800858484189722418945210178840223226047744015034762348872878445395236364192252419225211760146594821655624604168432122008464241019228732000620565240509803435973836700010137600000000020484735362307200013145728
4026800858572189731218945210178840223216047744015033762348872878445395236364192252419225211760146587621655624604168432122008464241019228732000620565240509803435973836700010137600000000020484735362307200013145728
4026800837756187654818952010179280224005247750815112322354072882045396836364192252419225210160147375221917624664168432122008464241030429272000620565240881123435973836700010137600000000020484735362307200013145728
4026800833168187256018956010184840224449247769615152602354472923245415236364192252419225210160147772822592824664168436122012464241030429368000620565240881123435973836700010137600000000020484735362307200013145728
4026800833184187263218957610185320224454847770015152682354072928045416036364192252419225210160147773222540424664168436122012464241032029368000620565240881123435973836700010137600000000020484735362307200013145728
4026800857624189703618960810183960223302047738815035202348472950045390436364192252419225210200146598821655624604168436122012464241025628736000620565240501643435973836700010137600000000020484735362307200013145728
4026800857660189709218960810184160223308447740015035722348872951245391236364192252419225210240146609621655624604168436122012464241027228736000620565240501643435973836700010137600000000020484735362307200013145728
402680085764418970761896081018416022331164774001503604234887295124539123636419225241922527960146610021655624604168436122012464241028828736000620565240501643435973836700010137600000000020484735362307200013145728
402680085762818970601896081018416022331564773881503632234887295244539003636419225241922528000146610421655624604168436122012464241030428736000620565240501643435973836700010137600000000020484735362307200013145728
402680085748818969201896241018476022331604773881503636234887295244539003636419225241922528080146610821660824604168436122012464241032028736000620565240501643435973836700010137600000000020484735362307200013145728
402680085747218969761896321018460022331724774481503640234847295324539643636419225241922528560146611221658424600168436122012464241033628736000620565240501643435973836700010137600000000020484735362307200013145728
402680085728418967881896321018460022332284774481503696234847295324539643636419225241922528560146622021658424600168436122012464241036828736000620565240501643435973836700010137600000000020484735362307200013145728
402680085702018965241896321018460022332484774481503716234847295324539643636419225241922527800146618821658424600168436122012464241038428760000620565240501643435973836700010137600000000020484735362307200013145728
402680085716018966641896321018460022332524774481503720234847295324539643636419225241922527840146624421658424600168436122012464241040028760000620565240501643435973836700010137600000000020484735362307200013145728
402680085698818964921896321018440022332884774281503756234647295324539643636419225241922527840146622821661624580168436122012464241041628760000620565240501643435973836700010137600000000020484735362307200013145728
402680085684818963521896321018428022334244774161503892234527295324539643636419225241922527840146635621655224568168436122012464241043228760000620565240501643435973836700010137600000000020484735362307200013145728
402680085686418963681896401018428022334284774081503888234527295404539563636419225241922527880146636021655224568168436122012464241044828760000620565240501643435973836700010137600000000020484735362307200013145728
402680085688018963921896401018428022333564774081503808234527295484539563636419225241922527880146628021655224568168436122012464241043228760000620565240501643435973836700010137600000000020484735362307200013145728
402680085686418963761896401018428022333604774081503812234527295484539563636419225241922527880146628421655224568168436122012464241043228760000620565240501643435973836700010137600000000020484735362307200013145728
402680085686418963761896401018428022333644774081503816234527295484539563636419225241922527880146628821655224568168436122012464241044828760000620565240501643435973836700010137600000000020484735362307200013145728
402680085684818963601896401018428022333684774081503820234527295484539563636419225241922527880146629221655224568168436122012464241046428760000620565240501643435973836700010137600000000020484735362307200013145728
402680085683218963441896481018428022333764774081503828234527295484539563636419225241922527880146630021655224568168436122012464241048028760000620565240501643435973836700010137600000000020484735362307200013145728
402680085634818958681896481018428022335924774081504036234527295564539563636419225241922527880146653221655224568168436122012464241049628760000620565240501643435973836700010137600000000020484735362307200013145728
402680085633218958361896481018412022336164773961504060234567295564539403636419225241922525720146653621655224568168436122012464241051228760000620565240501643435973836700010158080000000020484735362307200013145728
402680085647218959761896481018412022336204773961504064234567295564539403636419225241922525720146654021655224568168436122012464241052828760000620565240501643435973836700010158080000000020484735362307200013145728
402680085645618959601896481018416022336244773961504068234567295564539403636419225241922525760146654421655224568168436122012464241054428760000620565240501643435973836700010158080000000020484735362307200013145728
402680085661218961201896561018416022333684774001503812234567295564539443636419225241922525960146632021655224568168436122012464241049628760000620565240501643435973836700010158080000000020484735362307200013145728
402680085658018960961896561018416022334084774001503844234567295644539443636419225241922525960146632021655224568168436122012464241051228760000620565240501643435973836700010158080000000020484735362307200013145728
40268008565641896080189656101841602233412477400150384823456729564453944363641922524192252640146632421655224568168436122012464241052828760000620565240501643435973836700010158080000000020484735362307200013145728
40268008567041896220189656101841602233416477400150385223456729564453944363641922524192252800146632821655224568168436122012464241054428760000620565240501643435973836700010158080000000020484735362307200013145728
40268008566881896204189656101841602233420477400150385623456729564453944363641922524192252800146633221655224568168436122012464241056028760000620565240501643435973836700010158080000000020484735362307200013145728
40268008566721896188189664101841602233424477400150386023456729564453944363641922524192252800146633621655224568168436122012464241057628760000620565240501643435973836700010158080000000020484735362307200013145728
40268008566561896180189664101841602233436477400150386423456729572453944363641922524192252800146634021655224568168436122012464241059228760000620565240501643435973836700010158080000000020484735362307200013145728
40268008566401896164189664101841602233440477400150386823456729572453944363641922524192252800146634421655224568168436122012464241060828760000620565240501643435973836700010158080000000020484735362307200013145728
40268008566241896148189664101841602233444477400150387223456729572453944363641922524192252800146634821655224568168436122012464241062428760000620565240501643435973836700010158080000000020484735362307200013145728
40268008566241896148189664101841602233444477400150387223456729572453944363641922524192252800146635221655224568168436122012464241064028760000620565240501643435973836700010158080000000020484735362307200013145728
40268008565921896116189672101841602233456477400150388423456729572453944363641922524192252800146636021655224568168436122012464241065628760000620565240501643435973836700010158080000000020484735362307200013145728
40268008565761896108189672101841602233468477400150388823456729580453944363641922524192252800146636421655224568168436122012464241067228760000620565240501643435973836700010158080000000020484735362307200013145728
40268008565601896092189672101841602233472477400150389223456729580453944363641922524192252720146636821655224568168436122012464241068828760000620565240501643435973836700010158080000000020484735362307200013145728
40268008565441896076189672101841602233476477400150389623456729580453944363641922524192252720146637221655224568168436122012464241070428760000620565240501643435973836700010158080000000020484735362307200013145728
40268008563721895904189672101841602233480477400150390023456729580453944363641922524192252720146637621655224568168436122012464241072028760000620565240501643435973836700010158080000000020484735362307200013145728
40268008563881895920189680101841602233484477400150390423456729580453944363641922524192252800146638021655224568168436122012464241073628760000620565240501643435973836700010158080000000020484735362307200013145728
40268008563721895912189680101841602233496477400150390823456729588453944363641922524192252800146638421655224568168436122012464241075228760000620565240501643435973836700010158080000000020484735362307200013145728
40268008563561895896189680101841602233500477400150391223456729588453944363641922524192252360146638821655224568168436122012464241076828760000620565240501643435973836700010158080000000020484735362307200013145728
40268008563401895880189680101842002233504477400150391623456729588453944363641922524192252480146639221655224568168436122012464241078428760000620565240501643435973836700010158080000000020484735362307200013145728
40268008563241895868189680101842002233508477404150392023456729588453948363641922524192252520146639621655224568168436122012464241080028760000620565240501643435973836700010158080000000020484735362307200013145728
40268008561841895728189688101842002233512477404150392423456729588453948363641922524192252520146640021655224568168440122016464241081628760000620565240501643435973836700010158080000000020484735362307200013145728
40268008561681895720189688101842002233524477404150392823456729596453948363641922524192252520146640421655224568168440122016464241083228760000620565240501643435973836700010158080000000020484735362307200013145728
40268008561521895704189688101842002233528477404150393223456729596453948363641922524192252520146640821655224568168440122016464241084828760000620565240501643435973836700010158080000000020484735362307200013145728
40268008561361895688189688101842002233532477404150393623456729596453948363641922524192252520146641221655224568168440122016464241086428760000620565240501643435973836700010158080000000020484735362307200013145728
40268008561201895672189688101842002233540477404150394423456729596453948363641922524192252520146642021655224568168440122016464241088028760000620565240501643435973836700010158080000000020484735362307200013145728
40268008561041895656189696101842002233544477404150394823456729596453948363641922524192252520146642421655224568168440122016464241089628760000620565240501643435973836700010158080000000020484735362307200013145728
40268008560881895648189696101842002233556477404150395223456729604453948363641922524192252520146642821655624568168440122016464241091228760000620565240501643435973836700010158080000000020484735362307200013145728
40268008560721895632189696101842002233560477404150395623456729604453948363641922524192252520146643221655624568168440122016464241092828760000620565240501643435973836700010158080000000020484735362307200013145728
40268008560561895616189696101842002233564477404150396023456729604453948363641922524192252520146643621655624568168440122016464241094428760000620565240501643435973836700010158080000000020484735362307200013145728
40268008560401895600189696101842002233568477404150396423456729604453948363641922524192252520146644021655624568168440122016464241096028760000620565240501643435973836700010158080000000020484735362307200013145728
40268008560241895584189704101842002233572477404150396823456729604453948363641922524192252520146644421655624568168440122016464241097628760000620565240501643435973836700010158080000000020484735362307200013145728
40268008560081895576189704101842002233584477404150397223456729612453948363641922524192252520146644821655624568168440122016464241099228760000620565240501643435973836700010158080000000020484735362307200013145728
40268008559921895560189704101842002233588477404150397623456729612453948363641922524192252240146645221655624568168440122016464241100828760000620565240501643435973836700010158080000000020484735362307200013145728
40268008559761895544189704101842002233592477404150398023456729612453948363641922524192252240146645621655624568168440122016464241102428760000620565240501643435973836700010158080000000020484735362307200013145728
40268008559601895528189704101842002233596477404150398423456729612453948363641922524192252240146646021655624568168440122016464241104028760000620565240501643435973836700010158080000000020484735362307200013145728
40268008559441895512189712101842002233600477404150398823456729612453948363641922524192252240146646421655624568168440122016464241105628760000620565240501643435973836700010158080000000020484735362307200013145728
40268008559281895504189712101842002233612477404150399223456729620453948363641922524192252240146646821655624568168440122016464241107228760000620565240501643435973836700010158080000000020484735362307200013145728
40268008559121895488189712101842002233616477404150399623456729620453948363641922524192252240146647221655624568168440122016464241108828760000620565240501643435973836700010158080000000020484735362307200013145728
40268008558961895472189712101842402233624477404150400423456729620453948363641922524192252280146648021655624568168440122016464241110428760000620565240501643435973836700010158080000000020484735362307200013145728
40268008558801895460189712101842402233628477408150400823456729620453952363641922524192252280146648421655624568168440122016464241112028760000620565240501643435973836700010158080000000020484735362307200013145728
40268008557081895288189720101842402233632477408150401223456729620453952363641922524192252280146648821655624568168440122016464241113628760000620565240501643435973836700010158080000000020484735362307200013145728
40268008558321895428189728101842402233852477408150421623456729636453952363641922524192252600146669221655624568168440122016464241116828736000620565240501643435973836700010158080000000020484735362307200013145728
40268008556441895240189728101842402233896477404150426023452729636453952363641922524192252600146674821655624568168440122016464241120028736000620565240501643435973836700010158080000000020484735362307200013145728
402680083322418728881897761018500022429844775121513332235127296524540003636419225241922521360147580421906824628168476122020464561132829280000620565240889043435973836700010178560000000020484735362307200013145728
402680083210818718281898321018500022439884775041514272235127297164539923636419225241922521560147674421922424628168476122020464561132829300000620565240889043435973836700010178560000000020484735362307200013145728
402680083212418718441898321018500022440244774721514276235127297484539603636419225241922521560147674821922424628168476122020464561134429300000620565240889043435973836700010178560000000020484735362307200013145728
402680083223218719521898321018500022440284774721514280235127297484539603636419225241922521560147675221922424628168476122020464561136029300000620565240889043435973836700010178560000000020484735362307200013145728
402680083221618719361898321018500022440324774721514284235127297484539603636419225241922521440147675621922424628168476122020464561137629300000620565240889043435973836700010178560000000020484735362307200013145728
402680083220018719201898321018500022440364774721514288235127297484539603636419225241922521480147676021922424628168476122020464561139229300000620565240889043435973836700010178560000000020484735362307200013145728
402680083199618717241898401018504022440444774761514292235127297524539643636419225241922526840147677221922424628168476122020464561140829300000620565240889043435973836700010178560000000020484735362307200013145728
402680083079218705401898481018512022449644774841515200235167297644539683636419225241922527040147767221929224632168548122028465201148829444000620565241177603435973836700010178560000000020484735362307200013145728
402680083077618705241898481018512022449684774841515204235167297644539683636419225241922527040147767621929224632168548122028465201150429444000620565241177603435973836700010178560000000020484735362307200013145728
402680083076018705081898481018512022449764774841515212235167297644539683636419225241922527040147769221929224632168548122028465201152029444000620565241177603435973836700010178560000000020484735362307200013145728
402680083074418704921898481018512022449884774841515224235167297644539683636419225241922527080147769621929224632168548122028465201153629444000620565241177603435973836700010178560000000020484735362307200013145728
402680083072818704761898481018512022449924774841515228235167297644539683636419225241922527080147770421929224632168548122028465201155229444000620565241177603435973836700010178560000000020484735362307200013145728
402680083071218704601898521018508022450004774841515236235167297644539683636419225241922527080147770821929224632168548122028465201156829444000620565241177603435973836700010178560000000020484735362307200013145728
402680083069618704481898521018512022450244774681515240235167297844539523636419225241922527080147771221929224632168548122028465201158429444000620565241177603435973836700010178560000000020484735362307200013145728
402680083068018704321898521018516022450324774641515248235127297844539523636419225241922527120147772821929224632168548122028465201160029444000620565241177603435973836700010178560000000020484735362307200013145728
402680083066418704201898521018516022450524774681515268235127297844539563636419225241922527120147773621929224632168548122028465201161629444000620565241177603435973836700010178560000000020484735362307200013145728
402680083071218704681898521018516022450564774681515272235127297844539563636419225241922527120147571621929224632168548122028465201156829444000620565241177603435973836700010158080000000020484735362307200013145728
402680083159618713521898521018516022441764774681514392235127297844539563636419225241922527120147488821924024632168548122028465201153629292000620565240918603435973836700010158080000000020484735362307200013145728
402680083159618713521898561018512022441924774641514408235087297844539563636419225241922527120147485221924024628168548122028465201155229300000620565240918603435973836700010158080000000020484735362307200013145728
402680083158018713401898561018512022442004774641514412235087297884539563636419225241922527120147485621924024628168548122028465201156829300000620565240918603435973836700010158080000000020484735362307200013145728
402680083156418713241898561018512022442044774641514416235087297884539563636419225241922527120147486021924024628168548122028465201158429300000620565240918603435973836700010158080000000020484735362307200013145728
402680083154818713081898561018512022442084774641514420235087297884539563636419225241922527120147486421924024628168548122028465201160029300000620565240918603435973836700010158080000000020484735362307200013145728
402680083154818713081898561018512022442124774641514424235087297884539563636419225241922527120147486821924024628168548122028465201160029300000620565240918603435973836700010158080000000020484735362307200013145728
402680083153218712921898641018512022442204774641514432235087297884539563636419225241922527120147487621924024628168548122028465201161629300000620565240918603435973836700010158080000000020484735362307200013145728
402680083151618712841898641018512022442324774641514436235087297964539563636419225241922527120147488021924024628168548122028465201163229300000620565240918603435973836700010158080000000020484735362307200013145728
402680083134418711121898641018512022442364774641514440235087297964539563636419225241922527120147488421924024628168548122028465201164829300000620565240918603435973836700010158080000000020484735362307200013145728
402680085402418938201898761018472022343164774521504536234527297804540003636419225241922527120146700421658824572168548122028465201160028760000620565240513363435973836700010158080000000020484735362307200013145728
402680085413218939721899121018480022343884774281504540234527298484539763636419225241922527200146700821658824572168548122028465201161628760000620565240513363435973836700010158080000000020484735362307200013145728
402680085414818939881899121018480022343924774281504544234527298484539763636419225241922527200146701221658824572168548122028465201163228760000620565240513363435973836700010158080000000020484735362307200013145728
402680085413218939721899121018496022343964774281504548234527298484539763636419225241922527200146701621658824572168548122028465201164828760000620565240513363435973836700010158080000000020484735362307200013145728
402680085405218939081899121018496022344004774441504552234527298484539923636419225241922525840146702021658824572168548122028465201166428760000620565240513363435973836700010158080000000020484735362307200013145728
402680085406818939241899121018496022344044774441504556234527298484539923636419225241922525840146702421658824572168580122028465521168028760000620565240513363435973836700010158080000000020484735362307200013145728
402680085405218939081899201018496022344084774441504560234527298484539923636419225241922526120146702821658824572168580122028465521169628760000620565240513363435973836700010158080000000020484735362307200013145728
402680085403618939001899201018496022344204774441504564234527298564539923636419225241922526120146703221658824572168580122028465521171228760000620565240513363435973836700010158080000000020484735362307200013145728
402680085402018938841899201018500022344244774441504568234527298564539923636419225241922526160146703621658824572168580122028465521172828760000620565240513363435973836700010158080000000020484735362307200013145728
402680085400418938761899241018500022344324774481504572234527298604539963636419225241922525800146704021658824572168580122028465521174428760000620565240513363435973836700010158080000000020484735362307200013145728
402680085398818938601899241018500022344364774481504576234527298604539963636419225241922525840146704421658824572168580122028465521176028760000620565240513363435973836700010158080000000020484735362307200013145728
402680085397218938441899241018500022344404774481504580234527298604539963636419225241922525840146704821658824572168580122028465521177628760000620565240513363435973836700010158080000000020484735362307200013145728
402680085376818936481899321018500022344564774481504588234527298684539963636419225241922526000146705621658824572168584122032465521179228760000620565240513363435973836700010158080000000020484735362307200013145728
402680085378418936641899321018500022344604774481504592234527298684539963636419225241922526000146706021658824572168616122032465841180828760000620565240513363435973836700010158080000000020484735362307200013145728
40268008537681893648189932101850002234464477448150459623452729868453996363641922524192252560146706421658824572168616122032465841182428760000620565240513363435973836700010158080000000020484735362307200013145728
40268008537521893632189932101850002234468477448150460023452729868453996363641922524192252560146706821658824572168616122032465841184028760000620565240513363435973836700010158080000000020484735362307200013145728
40268008537361893616189932101850002234472477448150460423452729868453996363641922524192252560146707221658824572168616122032465841185628760000620565240513363435973836700010158080000000020484735362307200013145728
40268008537201893588189936101848402234476477432150460423452729872453980363641922524192252760146707621658824572168616122032465841187228760000620565240513363435973836700010158080000000020484735362307200013145728
40268008537041893572189936101848402234480477436150460823456729872453980363641922524192252760146708021658824572168616122032465841188828760000620565240513363435973836700010158080000000020484735362307200013145728
40268008536881893556189936101848402234484477436150461223456729872453980363641922524192252840146708421658824572168616122032465841190428760000620565240513363435973836700010158080000000020484735362307200013145728
40268008536081893476189936101848402234488477436150461623456729872453980363641922524192252840146708821658824572168616122032465841192028760000620565240513363435973836700010158080000000020484735362307200013145728
40268008536241893492189936101848402234492477436150462023456729872453980363641922524192252840146709221658824572168648122032466161193628760000620565240513363435973836700010158080000000020484735362307200013145728
402680085360818934761899441018484022344964774361504624234567298724539803636419225241922521000146709621658824572168648122032466161195228760000620565240513363435973836700010158080000000020484735362307200013145728
402680085359218934681899441018484022345084774361504628234567298804539803636419225241922521000146710021658824572168648122032466161196828760000620565240513363435973836700010158080000000020484735362307200013145728
402680085357618934521899441018484022345124774361504632234567298804539803636419225241922521000146710421658824572168648122032466161198428760000620565240513363435973836700010158080000000020484735362307200013145728
402680085356018934361899441018484022345164774361504636234567298804539803636419225241922521000146710821658824572168648122032466161200028760000620565240513363435973836700010158080000000020484735362307200013145728
402680085354418934201899441018484022345244774361504644234567298804539803636419225241922521000146711621658824572168648122032466161201628760000620565240513363435973836700010158080000000020484735362307200013145728
402680085352818934041899521018488022345284774361504648234567298804539803636419225241922521040146712021658824572168648122032466161203228760000620565240513363435973836700010158080000000020484735362307200013145728
402680085344818933361899521018488022345404774401504652234567298884539843636419225241922521040146712421658824572168648122032466161204828760000620565240513363435973836700010158080000000020484735362307200013145728
402680085346418933521899521018488022345444774401504656234567298884539843636419225241922521040146712821658824572168680122032466481206428760000620565240513363435973836700010158080000000020484735362307200013145728
402680085344818933361899521018488022345484774401504660234567298884539843636419225241922521040146713221658824572168680122032466481208028760000620565240513363435973836700010158080000000020484735362307200013145728
402680085343218933201899521018488022345524774401504664234567298884539843636419225241922521040146713621658824572168680122032466481209628760000620565240513363435973836700010158080000000020484735362307200013145728
402680085341618933041899601018488022345564774401504668234567298884539843636419225241922521040146714021658824572168680122032466481211228760000620565240513363435973836700010158080000000020484735362307200013145728
402680085340018932961899601018488022345684774401504672234567298964539843636419225241922521040146714421658824572168680122032466481212828760000620565240513363435973836700010158080000000020484735362307200013145728
402680085338418932801899601018488022345724774401504676234567298964539843636419225241922521040146714821658824572168680122032466481214428760000620565240513363435973836700010158080000000020484735362307200013145728
40268008533681893264189960101848802234576477440150468023456729896453984363641922524192252960146715221658824572168680122032466481216028760000620565240513363435973836700010158080000000020484735362307200013145728
40268008531641893060189960101848802234580477440150468423456729896453984363641922524192252960146715621658824572168680122032466481217628760000620565240513363435973836700010158080000000020484735362307200013145728
40268008531801893076189968101848802234584477440150468823456729896453984363641922524192252960146716021658824572168712122032466801219228760000620565240513363435973836700010158080000000020484735362307200013145728
40268008531641893068189968101848802234596477440150469223456729904453984363641922524192252960146716421658824572168712122032466801220828760000620565240513363435973836700010158080000000020484735362307200013145728
402680085314818930521899681018488022346004774401504696234567299044539843636419225241922521000146716821658824572168712122032466801222428760000620565240513363435973836700010158080000000020484735362307200013145728
40268008531321893036189968101848802234608477440150470423456729904453984363641922524192252160146717621658824572168712122032466801224028760000620565240513363435973836700010158080000000020484735362307200013145728
40268008531161893020189968101848802234612477440150470823456729904453984363641922524192252200146718021658824572168712122032466801225628760000620565240513363435973836700010158080000000020484735362307200013145728
40268008531001893004189972101848802234616477440150471223456729904453984363641922524192252360146718421658824572168712122032466801227228760000620565240513363435973836700010158080000000020484735362307200013145728
40268008530841892992189972101848802234624477440150471623456729908453984363641922524192252360146718821658824572168712122032466801228828760000620565240513363435973836700010158080000000020484735362307200013145728
40268008530041892912189972101848802234628477440150472023456729908453984363641922524192252360146719221658824572168712122032466801230428760000620565240513363435973836700010158080000000020484735362307200013145728
40268008530201892928189972101848802234632477440150472423456729908453984363641922524192252360146719621658824572168744122032467121232028760000620565240513363435973836700010158080000000020484735362307200013145728
40268008530041892912189972101848802234636477440150472823456729908453984363641922524192252360146720021658824572168744122032467121233628760000620565240513363435973836700010158080000000020484735362307200013145728
40268008529881892896189976101849202234640477440150473223456729908453984363641922524192252400146720421659224572168744122032467121235228760000620565240513363435973836700010158080000000020484735362307200013145728
40268008529721892888189976101849202234648477444150473623456729912453988363641922524192252400146720821659224572168744122032467121236828760000620565240513363435973836700010158080000000020484735362307200013145728
40268008529561892872189976101849202234652477444150474023456729912453988363641922524192252400146721221659224572168744122032467121238428760000620565240513363435973836700010158080000000020484735362307200013145728
40268008528081892724189976101849202234656477444150474423456729912453988363641922524192252400146722021659224572168744122032467121240028736000620565240513363435973836700010240000000000020484735362307200013145728
40268008527921892708189976101849202234664477444150475223456729912453988363641922524192252400146722421659224572168744122032467121241628736000620565240513363435973836700010240000000000020484735362307200013145728
40268008527121892628189984101849202234668477444150475623456729912453988363641922524192252440146722821659224572168744122032467121243228736000620565240513363435973836700010240000000000020484735362307200013145728
40268008527281892652189984101849202234680477444150476023456729920453988363641922524192252440146723221659224572168776122032467441244828736000620565240513363435973836700010240000000000020484735362307200013145728
40268008527121892636189984101849202234688477444150476823456729920453988363641922524192252440146724021659224572168776122032467441246428736000620565240513363435973836700010240000000000020484735362307200013145728
40268008526961892620189984101849202234692477444150477223456729920453988363641922524192252440146724421659224572168776122032467441248028736000620565240513363435973836700010240000000000020484735362307200013145728
40268008526801892604189984101849202234696477444150477623456729920453988363641922524192252440146724821659224572168776122032467441249628736000620565240513363435973836700010240000000000020484735362307200013145728
40268008526641892588189992101849202234700477444150478023456729920453988363641922524192252440146725221659224572168776122032467441251228736000620565240513363435973836700010240000000000020484735362307200013145728
40268008526481892580189992101849202234712477444150478423456729928453988363641922524192252440146725621659224572168776122032467441252828736000620565240513363435973836700010240000000000020484735362307200013145728
40268008526321892564189992101849202234716477444150478823456729928453988363641922524192252440146726021659224572168776122032467441254428736000620565240513363435973836700010240000000000020484735362307200013145728
40268008525521892484189992101849202234720477444150479223456729928453988363641922524192252440146726421659224572168776122032467441256028736000620565240513363435973836700010240000000000020484735362307200013145728
40268008525681892500189992101849202234724477444150479623456729928453988363641922524192252440146726821659224572168808122032467761257628736000620565240513363435973836700010240000000000020484735362307200013145728
40268008526761892616190000101849202234736477444150480023456729936453988363641922524192252480146727221659224572168808122032467761259228736000620565240513363435973836700010240000000000020484735362307200013145728
40268008526601892600190000101849202234740477444150480423456729936453988363641922524192252480146727621659224572168808122032467761260828736000620565240513363435973836700010240000000000020484735362307200013145728
40268008526441892584190000101849202234744477444150480823456729936453988363641922524192252480146728021659224572168808122032467761262428736000620565240513363435973836700010240000000000020484735362307200013145728
40268008526281892568190000101849202234748477444150481223456729936453988363641922524192252480146728421659224572168808122032467761264028736000620565240513363435973836700010240000000000020484735362307200013145728
40268008526121892552190000101849602234752477444150481623456729936453988363641922524192252440146728821659224572168808122032467761265628736000620565240513363435973836700010240000000000020484735362307200013145728
40268008525961892540190008101849602234756477448150482023456729936453992363641922524192252440146729221659224572168808122032467761267228736000620565240513363435973836700010240000000000020484735362307200013145728
40268008525161892468190008101849602234772477448150482823456729944453992363641922524192252440146730021659224572168808122032467761268828736000620565240513363435973836700010240000000000020484735362307200013145728
40268008525321892484190008101849602234776477448150483223456729944453992363641922524192252440146730421659224572168840122032468081270428736000620565240513363435973836700010240000000000020484735362307200013145728
40268008525161892468190008101849602234780477448150483623456729944453992363641922524192252440146730821659224572168840122032468081272028736000620565240513363435973836700010240000000000020484735362307200013145728
40268008525001892452190008101849602234784477448150484023456729944453992363641922524192252440146731221659224572168840122032468081273628736000620565240513363435973836700010240000000000020484735362307200013145728
40268008523601892312190016101849602234788477448150484423456729944453992363641922524192252440146731621659224572168840122032468081275228736000620565240513363435973836700010240000000000020484735362307200013145728
40268008522041892164190016101849602234800477448150484823456729952453992363641922524192252480146732021659224572168840122032468081276828760000620565240513363435973836700010240000000000020484735362307200013145728
40268008520481892008190016101849602234804477448150485223456729952453992363641922524192252520146732421659224572168840122032468081278428760000620565240513363435973836700010240000000000020484735362307200013145728
40268008521881892148190016101849602234808477448150485623456729952453992363641922524192252520146732821659224572168840122032468081280028760000620565240513363435973836700010240000000000020484735362307200013145728
40268008521081892068190016101849602234812477448150486023456729952453992363641922524192252200146733221659224572168840122032468081281628760000620565240513363435973836700010240000000000020484735362307200013145728
40268008521241892084190024101849602234816477448150486423456729952453992363641922524192252360146733621659224572168872122032468401283228760000620565240513363435973836700010240000000000020484735362307200013145728
40268008521081892076190024101849602234828477448150486823456729960453992363641922524192252360146734021659224572168872122032468401284828760000620565240513363435973836700010240000000000020484735362307200013145728
40268008520921892060190024101849602234832477448150487223456729960453992363641922524192252360146734421659224572168872122032468401286428760000620565240513363435973836700010240000000000020484735362307200013145728
40268008520761892044190024101849602234836477448150487623456729960453992363641922524192252360146734821659224572168872122032468401288028760000620565240513363435973836700010240000000000020484735362307200013145728
40268008520601892028190024101849602234840477448150488023456729960453992363641922524192252360146735221659224572168872122032468401289628760000620565240513363435973836700010240000000000020484735362307200013145728
40268008520441892012190032101849602234844477448150488423456729960453992363641922524192252360146735621659224572168872122032468401291228760000620565240513363435973836700010240000000000020484735362307200013145728
40268008518721891848190032101849602234860477448150489223456729968453992363641922524192252360146736421659224572168872122032468401292828760000620565240513363435973836700010240000000000020484735362307200013145728
40268008519481891924190032101849602234864477448150489623456729968453992363641922524192252360146736821659224572168936122032469041294428760000620565240513363435973836700010240000000000020484735362307200013145728
40268008519321891908190032101849602234868477448150490023456729968453992363641922524192252360146737221659224572168936122032469041296028760000620565240513363435973836700010240000000000020484735362307200013145728
40268008519161891892190032101850002234872477448150490423456729968453992363641922524192252400146737621659224572168936122032469041297628760000620565240513363435973836700010240000000000020484735362307200013145728
40268008519001891880190040101850002234876477452150490823456729968453996363641922524192252400146738021659224572168936122032469041299228760000620565240513363435973836700010240000000000020484735362307200013145728
40268008518841891872190040101850002234888477452150491223456729976453996363641922524192252400146738421659224572168936122032469041300828760000620565240513363435973836700010240000000000020484735362307200013145728
40268008518681891856190040101850002234892477452150491623456729976453996363641922524192252400146738821659224572168936122032469041302428760000620565240513363435973836700010240000000000020484735362307200013145728
40268008518521891840190040101850002234896477452150492023456729976453996363641922524192252400146739221659224572168936122032469041304028760000620565240513363435973836700010240000000000020484735362307200013145728
40268008518361891824190040101850002234952477452150497623456729976453996363641922524192252400146744821659224572168936122032469041305628760000620565240513363435973836700010240000000000020484735362307200013145728
40268008517561891744190044101850002234952477452150497623456729976453996363641922524192252480146744821659224572168936122032469041307228760000620565240513363435973836700010240000000000020484735362307200013145728
40268008517721891764190044101850002234960477452150498023456729980453996363641922524192252480146745221659224572168968122032469361308828760000620565240513363435973836700010240000000000020484735362307200013145728
40268008517561891748190044101850002234964477452150498423456729980453996363641922524192252480146745621659224572168968122032469361310428760000620565240513363435973836700010240000000000020484735362307200013145728
40268008515841891576190044101850002234968477452150498823456729980453996363641922524192252480146746021659224572168968122032469361312028760000620565240513363435973836700010240000000000020484735362307200013145728
40268008516001891592190044101850002234972477452150499223456729980453996363641922524192252440146746421659224572168968122032469361313628760000620565240513363435973836700010240000000000020484735362307200013145728
40268008515841891576190048101850002234980477452150500023456729980453996363641922524192252440146747221659224572168968122032469361315228760000620565240513363435973836700010240000000000020484735362307200013145728
40268008515681891564190048101850002234988477452150500423456729984453996363641922524192252480146747621659224572168968122032469361316828760000620565240513363435973836700010240000000000020484735362307200013145728
40268008514881891484190048101850002234992477452150500823456729984453996363641922524192252480146748021659224572168968122032469361318428760000620565240513363435973836700010240000000000020484735362307200013145728
40268008514401891436190048101850002234996477452150501223456729984453996363641922524192252600146748421659224572169000122032469681320028760000620565240513363435973836700010240000000000020484735362307200013145728
40268008514561891452190048101850002235000477452150501623456729984453996363641922524192252600146748821659224572169032122032470001321628760000620565240513363435973836700010240000000000020484735362307200013145728
40268008514401891436190056101850002235004477452150502023456729984453996363641922524192252680146749221659224572169032122032470001323228760000620565240513363435973836700010240000000000020484735362307200013145728
40268008514241891428190056101850002235016477452150502423456729992453996363641922524192252680146749621659224572169032122032470001324828760000620565240513363435973836700010240000000000020484735362307200013145728
40268008514081891412190056101850002235020477452150502823456729992453996363641922524192252680146750021659224572169032122032470001326428760000620565240513363435973836700010240000000000020484735362307200013145728
40268008513921891396190056101850402235024477452150503223456729992453996363641922524192252720146750421659224572169032122032470001328028760000620565240513363435973836700010240000000000020484735362307200013145728
40268008513761891384190056101850402235028477456150503623456729992454000363641922524192252600146750821659224572169032122032470001329628760000620565240513363435973836700010240000000000020484735362307200013145728
40268008513601891368190064101850402235032477456150504023456729992454000363641922524192252640146751221659224572169032122032470001331228760000620565240513363435973836700010240000000000020484735362307200013145728
40268008513121891328190064101850402235044477456150504423456730000454000363641922524192252640146751621659224572169064122032470321332828760000620565240513363435973836700010240000000000020484735362307200013145728
40268008512961891312190064101850402235048477456150504823456730000454000363641922524192252640146752021659224572169064122032470321334428760000620565240513363435973836700010240000000000020484735362307200013145728
40268008512801891296190064101850402235052477456150505223456730000454000363641922524192252640146752421659224572169064122032470321336028760000620565240513363435973836700010240000000000020484735362307200013145728
40268008512641891280190064101850402235060477456150506023456730000454000363641922524192252640146753221659224572169064122032470321337628760000620565240513363435973836700010240000000000020484735362307200013145728
40268008512481891264190072101850402235064477456150506423456730000454000363641922524192252320146753621659224572169064122032470321339228760000620565240513363435973836700010240000000000020484735362307200013145728
40268008512321891256190072101850402235076477456150506823456730008454000363641922524192252320146754021659224572169064122032470321340828760000620565240513363435973836700010240000000000020484735362307200013145728
40268008511521891176190072101850402235080477456150507223456730008454000363641922524192252320146754421659224572169128122032470961342428760000620565240513363435973836700010240000000000020484735362307200013145728
40268008511361891160190072101850402235084477456150507623456730008454000363641922524192252320146754821659224572169128122032470961344028760000620565240513363435973836700010240000000000020484735362307200013145728
40268008510561891080190072101850402235088477456150508023456730008454000363641922524192252320146755221659224572169128122032470961345628760000620565240513363435973836700010240000000000020484735362307200013145728
40268008510721891096190080101850402235092477456150508423456730008454000363641922524192252320146755621659224572169160122032471281347228760000620565240513363435973836700010240000000000020484735362307200013145728
40268008509001890932190080101850402235104477456150508823456730016454000363641922524192252320146756021659224572169160122032471281348828760000620565240513363435973836700010240000000000020484735362307200013145728
40268008509001890932190080101850402235104477456150508823456730016454000363641922524192252320146756421659224572169160122032471281350428760000620565240513363435973836700010240000000000020484735362307200013145728
40268008508841890916190080101850402235112477456150509623456730016454000363641922524192252320146760021659224572169160122032471281352028716000620565240513363435973836700010240000000000020484735362307200013145728
40268008508841890916190080101850402235116477456150510023456730016454000363641922524192252320146757221659224572169160122032471281353628760000620565240513363435973836700010240000000000020484735362307200013145728
40268008508681890900190088101850402235120477456150510423456730016454000363641922524192252360146757621659224572169160122032471281355228760000620565240513363435973836700010240000000000020484735362307200013145728
40268008508521890892190088101850402235132477456150510823456730024454000363641922524192252360146758021659224572169160122032471281356828760000620565240513363435973836700010240000000000020484735362307200013145728
40268008507721890812190088101850402235136477456150511223456730024454000363641922524192252360146758421659224572169160122032471281358428760000620565240513363435973836700010240000000000020484735362307200013145728
40268008507881890828190088101850802235144477456150512023456730024454000363641922524192252400146759221659224572169192122032471601360028760000620565240513363435973836700010240000000000020484735362307200013145728
40268008507721890816190088101850802235148477460150512423456730024454004363641922524192252360146759621659224572169192122032471601361628760000620565240513363435973836700010240000000000020484735362307200013145728
