1499314593
1499314594
1499314595
1499314596
1499314597
1499314598
1499314599
1499314600
1499314601
1499314602
1499314603
1499314604
1499314605
1499314606
1499314607
1499314608
1499314609
1499314610
1499314611
1499314612
1499314613
1499314614
1499314615
1499314616
1499314617
1499314618
1499314619
1499314620
1499314621
1499314622
1499314623
1499314624
1499314625
1499314626
1499314627
1499314628
1499314629
1499314630
1499314631
1499314632
1499314633
1499314634
1499314635
1499314636
1499314637
1499314638
1499314639
1499314640
1499314641
1499314642
1499314643
1499314644
1499314645
1499314646
1499314647
1499314648
1499314649
1499314650
1499314651
1499314652
1499314653
1499314654
1499314655
1499314656
1499314657
1499314658
1499314659
1499314660
1499314661
1499314662
1499314663
1499314664
1499314665
1499314666
1499314667
1499314668
1499314669
1499314670
1499314671
1499314672
1499314673
1499314674
1499314675
1499314676
1499314677
1499314678
1499314679
1499314680
1499314681
1499314682
1499314683
1499314684
1499314685
1499314686
1499314687
1499314688
1499314689
1499314690
1499314691
1499314692
1499314693
1499314694
1499314695
1499314696
1499314697
1499314698
1499314699
1499314700
1499314701
1499314702
1499314703
1499314704
1499314705
1499314706
1499314707
1499314708
1499314709
1499314710
1499314711
1499314712
1499314713
1499314714
1499314715
1499314716
1499314717
1499314718
1499314719
1499314720
1499314721
1499314722
1499314723
1499314724
1499315336
1499315337
1499315338
1499315339
1499315340
1499315341
