9642.31 8816.00
9643.32 8816.30
9644.32 8817.02
9645.34 8817.34
9646.35 8817.80
9647.35 8818.18
9648.37 8818.99
9649.39 8819.85
9650.39 8820.71
9651.39 8821.60
9652.39 8822.44
9653.40 8823.16
9654.41 8823.93
9655.43 8824.31
9656.43 8824.31
9657.45 8825.12
9658.47 8826.00
9659.47 8826.94
9660.47 8827.84
9661.48 8828.72
9662.49 8829.15
9663.49 8829.85
9664.51 8830.14
9665.52 8830.41
9666.52 8831.29
9667.53 8832.09
9668.53 8832.84
9669.53 8833.72
9670.54 8834.45
9671.58 8835.07
9672.60 8835.69
9673.60 8836.50
9674.61 8837.31
9675.61 8837.98
9676.61 8838.82
9677.62 8839.68
9678.62 8840.42
9679.63 8841.33
9680.63 8842.28
9681.63 8843.12
9682.64 8843.96
9683.64 8844.81
9684.64 8845.74
9685.64 8846.70
9686.65 8847.42
9687.65 8848.34
9688.66 8849.17
9689.67 8850.07
9690.67 8850.98
9691.69 8851.62
9692.70 8852.41
9693.70 8853.01
9694.70 8853.76
9695.71 8854.56
9696.71 8855.37
9697.72 8856.18
9698.72 8857.06
9699.72 8858.00
9700.74 8858.58
9701.76 8859.02
9702.78 8859.34
9703.78 8860.03
9704.79 8860.94
9705.79 8861.87
9706.80 8862.78
9707.80 8863.62
9708.81 8864.52
9709.81 8865.48
9710.82 8866.44
9711.83 8867.39
9712.83 8868.34
9713.84 8869.29
9714.84 8869.95
9715.85 8870.57
9716.86 8870.99
9717.87 8871.42
9718.88 8872.07
9719.89 8872.62
9720.89 8873.26
9721.90 8874.18
9722.91 8875.05
9723.91 8876.00
9724.92 8876.96
9725.92 8877.90
9726.93 8878.84
9727.93 8879.75
9728.94 8880.68
9729.94 8881.58
9730.95 8882.53
9731.96 8883.06
9732.97 8883.74
9733.97 8884.51
9734.97 8885.04
9735.98 8885.62
9736.98 8886.49
9737.98 8887.44
9738.99 8888.38
9739.99 8889.17
9741.00 8890.12
9742.00 8891.05
9743.00 8891.94
9744.01 8892.87
9745.01 8893.64
9746.01 8894.46
9747.02 8895.38
9748.02 8896.32
9749.03 8897.25
9750.03 8898.20
9751.04 8899.09
9752.04 8899.89
9753.05 8900.84
9754.05 8901.63
9755.06 8902.27
9756.07 8902.87
9757.08 8903.04
9758.10 8903.61
9759.13 8904.09
9760.14 8904.69
9761.14 8905.30
9762.15 8905.80
9763.17 8906.16
9764.18 8906.52
9765.18 8906.86
9766.18 8907.72
9767.20 8908.42
9768.21 8908.81
9769.21 8909.54
9770.22 8910.21
9771.23 8910.37
9772.23 8910.72
9773.25 8911.11
9774.26 8911.71
9775.27 8912.48
9776.28 8913.30
9777.29 8913.58
9778.30 8913.90
9779.31 8914.18
9780.32 8914.99
9781.33 8915.90
9782.33 8916.80
9783.34 8917.67
9784.35 8918.50
9785.35 8919.07
9786.35 8919.74
9787.35 8920.21
9788.37 8921.02
9789.38 8921.65
9790.40 8922.08
9791.41 8922.61
9792.42 8923.12
9793.42 8923.64
9794.43 8924.18
9795.44 8924.74
9796.44 8925.42
9797.45 8926.36
9798.47 8926.98
9799.48 8927.52
9800.48 8928.35
9801.49 8928.69
9802.49 8929.34
9803.50 8930.06
9804.50 8930.66
9805.51 8931.16
9806.53 8931.93
9807.53 8932.32
9808.55 8933.00
9809.55 8933.82
9810.56 8934.53
9811.56 8935.36
9812.59 8935.77
9813.61 8936.24
9814.61 8936.94
9815.61 8937.68
9816.62 8938.58
9817.63 8939.22
9818.63 8939.66
9819.65 8940.40
9820.67 8940.92
9821.68 8941.65
9822.68 8942.27
9823.70 8942.77
9824.70 8943.58
9825.71 8944.07
9826.71 8944.58
9827.71 8945.41
9828.73 8945.60
9829.74 8946.02
9830.75 8946.63
9831.76 8947.19
9832.77 8947.60
9833.78 8947.75
9834.78 8948.51
9835.79 8949.04
9836.80 8949.77
9837.80 8950.28
9838.81 8950.92
9839.81 8951.44
9840.82 8952.15
9841.82 8952.86
9842.84 8953.12
9843.84 8953.63
9844.85 8953.89
9845.86 8954.59
9846.87 8955.23
9847.87 8956.06
9848.88 8956.96
9849.89 8957.18
9850.90 8957.69
9851.90 8958.13
9852.91 8958.83
9853.91 8959.60
9854.91 8960.31
9855.93 8961.00
9856.94 8961.29
9857.96 8961.94
9858.96 8962.70
9859.98 8963.21
9860.99 8963.94
9862.00 8964.45
9863.01 8964.97
9864.03 8965.56
9865.03 8966.18
9866.04 8967.15
9867.04 8967.83
9868.06 8968.43
9869.06 8968.97
9870.08 8969.09
9871.08 8969.70
9872.09 8970.16
9873.10 8970.85
9874.10 8971.33
9875.10 8971.83
9876.11 8972.34
9877.12 8973.27
9878.12 8974.14
9879.14 8974.66
9880.16 8975.10
9881.17 8975.96
9882.17 8976.84
9883.18 8977.48
9884.18 8977.96
9885.19 8978.69
9886.20 8979.22
9887.21 8979.86
9888.22 8980.44
9889.22 8980.90
9890.22 8981.80
9891.23 8982.35
9892.23 8982.90
9893.24 8983.35
9894.24 8983.96
9895.25 8984.45
9896.25 8985.03
9897.26 8985.62
9898.28 8986.28
9899.30 8986.88
