89304
90317
94889
95828
96738
97673
98660
99624
100491
101500
102831
103419
104135
104623
106219
107173
108076
109090
110690
111697
117632
119588
122304
123433
124438
126295
127335
129241
134215
136169
137344
139039
141031
145944
147866
148853
149784
151798
156699
158585
160583
162516
164436
167342
168350
169542
171265
173163
176193
178225
180008
181975
183874
186864
188802
190762
193838
195650
199600
200835
202470
204371
205458
212343
214323
216397
218176
220118
225509
228005
230036
230906
232852
236858
238753
241692
243608
244563
248479
249500
252586
255354
257319
262250
264220
266155
268048
269984
272993
275222
275880
277126
278702
281738
283668
285604
287475
288702
293457
295399
298461
300283
302420
306181
308131
310026
310999
311919
315869
316817
318763
320697
322136
328570
330451
331451
332378
334309
338241
340155
342340
344028
345954
349873
350871
352786
353731
355686
359715
360507
361688
363337
364252
367261
368160
369081
370059
372002
373932
375850
377739
378734
379655
381601
385534
386461
387416
388541
389269
393142
394152
396078
398193
399943
400892
402814
409749
410703
412578
413567
417507
419420
421371
423282
424193
424455
426092
427997
429061
430929
431900
436800
438645
439651
440583
442503
445382
446369
447314
449230
450200
454329
455570
457194
457761
458035
460025
461015
461226
461787
461962
462692
462893
463516
464473
465343
465469
466273
467222
468164
469106
470040
470955
471908
472777
475773
476730
477013
477596
478492
479463
480387
481319
482207
483196
484128
485055
485989
486926
487875
488798
489764
490659
491529
492121
494548
496499
497321
502302
504165
504964
506011
506450
509363
510341
511964
513900
515819
520971
523676
524623
525522
526499
530722
533350
535297
537216
539235
544097
546025
548957
549912
551846
558812
560744
562168
